 A  = 
   1.791427071   0.626206487   1.60812175    1.368389243   0.647474598
   0.626206487   0.483658525   0.766807761   0.447804597   0.462759739
   1.60812175    0.766807761   1.792152991   1.452224006   0.845860828
   1.368389243   0.447804597   1.452224006   1.904553998   0.775943911
   0.647474598   0.462759739   0.845860828   0.775943911   0.621153031
 D  = 
   1.791427071   0.            0.          0.           0.         
   0.            0.264763449   0.          0.           0.         
   0.            0.            0.1903533   0.           0.         
   0.            0.            0.          0.53410755   0.         
   0.            0.            0.          0.           0.064247606
 L  = 
   1.            0.            0.            0.            0.
   0.349557343   1.            0.            0.            0.
   0.89767637    0.773056083   1.            0.            0.
   0.763854284  -0.115295034   1.299959384   1.            0.
   0.361429504   0.8929867     0.430065288   0.378587743   1.